[Section LC]
infile =
inpath = testdata 
coljd = 1
colmag = 2
cadence = 0.02044
inlist = koi368.ls 

[Section MCMC]
nwalkers = 20
nburn = 50
niter = 3000
nthreads = 1
output = mcmc_gd.out 

[Section FixedParameters]
fixparams = P,T0,planet_gridsize,Rstar,Mstar,gd_flag
p = 110.321645 
t0 = 1030.36409
planet_gridsize = 200
Rstar = 2.4
Mstar = 2.3
gd_flag=1

[Section FreeParameters]
freeparams = sma,u1,u2,b,Rratio,phi,lambda,star_f,gd_beta,Prot
sma = 0.01911,0.007,0.04,0.0,1.0
u1 = 0.085088,0.0,0.7,0.0,1.0
u2 = 0.42941,0.0,0.8,0.0,1.0
b = 0.70156,0.0,1.0,0.0,1.0
rratio = 0.084737,0.07,0.1,0.04,0.2 
phi = 52.167581,5,67,-90,90
lambda = -0.221645,-1,60,-1,180
star_f = 0.128844,0.001,0.2,0,0.5
gd_beta = 0.042954,0.0,0.07,0,0.5
Prot = 39.474737,20.,43.75,21.878,126


[This is a configure file for xxx package]

